  ¹  |         x         |y
----------------------------------------------
    1|         1         |0.841471
    2|        10         |-0.544021
    3|        19         |0.149877
    4|        28         |0.270906
    5|        37         |-0.643538
    6|        46         |0.901788
    7|        55         |-0.999755
    8|        64         |0.920026
    9|        73         |-0.676772
   10|        82         |0.313229
   11|        91         |0.105988
   12|       100         |-0.506366
